7992  7992  7992  7992  7992  7992  7992  7992  7992  7992  7992  7992  7992  7992  7992  7992  7992  7992  7992  7992  7984  7848  7291  6885  6992  7538  7952  7992  7992  7992  7992  7992  
7992  7992  7992  7992  7992  7992  7992  7992  7992  7992  7992  7992  7992  7992  7992  7992  7992  7972  7765  6784  6015  5994  5994  5994  5994  5994  6051  7892  7992  7992  7992  7992  
7992  7992  7992  7992  7992  7992  7992  7992  7992  7992  7992  7992  7992  7992  7880  6887  6157  6019  5994  5994  5994  5994  5993  5994  5993  5994  5994  6238  7984  7992  7992  7992  
7992  7992  7992  7992  7992  7992  7985  6887  6276  6473  6730  6981  5630  5137  4188  3966  3707  4033  3971  3858  3971  4078  4026  4080  4185  4144  5406  5994  7255  7987  7965  7827  
7992  7992  7992  7992  7992  7897  3845  2092  2108  1852  781   9     19    5     2     6     13    18    25    140   161   232   313   370   221   246   781   3654  4154  5971  5995  5994  
7992  7992  7992  7992  7988  4198  2004  1710  163   1     0     0     0     0     0     0     0     0     0     0     0     0     0     0     0     0     0     627   3983  5245  5994  5994  
7992  7992  7992  7992  6229  1998  997   10    0     0     0     0     0     0     0     0     0     0     0     0     0     0     0     0     0     0     0     0     2137  4231  5985  5994  
7992  7992  7992  7551  2214  905   0     0     0     0     0     0     0     0     0     0     0     0     0     0     0     0     0     0     0     0     0     0     196   3866  5576  5994  
7992  7992  7881  3665  1640  5     0     0     0     0     0     0     0     0     0     0     0     0     0     0     0     0     0     0     0     0     0     0     1     2051  4546  5990  
7992  7981  6539  2017  81    0     0     0     0     0     0     0     0     0     0     0     0     0     0     0     0     0     0     0     0     0     0     0     0     326   3933  5729  
7990  7494  3144  1247  0     0     0     0     0     0     0     0     0     0     0     0     0     0     0     0     0     0     0     0     0     0     0     0     0     0     2193  4769  
7887  6036  1994  66    0     0     0     0     0     0     0     0     0     0     0     0     0     0     0     0     0     0     0     0     0     0     0     0     0     0     439   3923  
6808  2561  1052  0     0     0     0     0     0     0     0     0     0     0     0     0     0     0     0     0     0     0     0     0     0     0     0     0     0     0     2     1831  
4584  1723  140   0     0     0     0     0     0     0     0     0     0     0     0     0     0     0     0     0     0     0     0     0     0     0     0     0     0     0     15    1868  
4086  2394  532   0     0     0     0     0     0     0     0     0     0     0     0     0     0     0     0     0     0     0     0     0     0     0     0     0     0     0     582   3179  
5411  3625  1600  12    0     0     0     0     0     0     0     0     0     0     0     0     0     0     0     0     0     0     0     0     0     0     0     0     0     9     2042  3947  
5990  5420  3072  729   0     0     0     0     0     0     0     0     0     0     0     0     0     0     0     0     0     0     0     0     0     0     0     0     0     294   2980  4080  
5994  5973  4788  2245  120   0     0     0     0     0     0     0     0     0     0     0     0     0     0     0     0     0     0     0     0     0     0     0     7     1557  3842  4773  
5994  5994  5897  3862  1102  0     0     0     0     0     0     0     0     0     0     0     0     0     0     0     0     0     0     0     0     0     0     0     191   2269  4052  6189  
5994  5994  5994  5526  3488  596   0     0     0     0     0     0     0     0     0     0     0     0     0     0     0     0     0     0     0     0     0     3     1496  3165  4903  8464  
5994  5994  5994  5994  4419  2932  120   0     0     0     0     0     0     0     0     0     0     0     0     0     0     0     0     0     0     0     0     318   2040  4022  6235  9912  
5994  5994  5994  5994  5916  4073  3384  526   0     0     0     0     0     0     0     0     0     0     0     0     0     0     0     0     0     0     18    1789  2529  5044  7990  9990  
5994  5994  5994  5994  5994  5848  4087  3885  1711  45    0     0     0     0     0     0     0     0     0     0     0     0     0     0     0     5     966   1998  3642  5977  9840  9990  
5994  5994  5994  5994  5994  5994  5840  4236  3997  3985  2746  60    0     1     1     13    56    131   101   127   211   216   164   201   794   1814  1998  2290  5331  6870  9989  9990  
7950  7966  7751  7868  7837  7729  7702  7847  7238  5918  5763  5724  3208  1893  1966  1995  1998  1998  1998  1998  1998  1998  1998  1998  1998  1998  1998  4314  5997  9312  9990  9990  
7992  7992  7992  7992  7992  7992  7992  7992  7992  7983  7518  6042  5994  5982  4974  2513  2011  1998  1998  1999  2001  2001  2006  2036  2032  2317  3317  5977  6447  9981  9990  9990  
7992  7992  7993  8004  8239  8871  9392  9833  9823  9951  9968  9936  9705  8316  7894  7773  7715  6195  4275  3974  3989  3994  3995  3995  3996  4000  5149  5994  9062  9990  9990  9990  
8521  9385  9938  9989  9990  9990  9990  9990  9990  9990  9990  9990  9990  9990  9989  9897  9212  8588  8031  7969  7523  5341  4364  4053  4144  5340  6319  8546  9990  9990  9990  9990  
9990  9990  9990  9990  9990  9990  9990  9990  9990  9990  9990  9990  9990  9990  9990  9990  9990  9990  9984  9782  8723  8013  7993  7980  7987  8001  8688  9989  9990  9990  9990  9990  
9990  9990  9990  9990  9990  9990  9990  9990  9990  9990  9990  9990  9990  9990  9990  9990  9990  9990  9990  9990  9990  9987  9951  9871  9922  9984  9990  9990  9990  9990  9990  9990  
9990  9990  9990  9990  9990  9990  9990  9990  9990  9990  9990  9990  9990  9990  9990  9990  9990  9990  9990  9990  9990  9990  9990  9990  9990  9990  9990  9990  9990  9990  9990  9990  
