9990  9990  9990  9990  9990  9990  9990  9990  9990  9990  9990  9990  9990  9990  9990  9990  9990  9990  9990  9990  9990  9990  9990  9990  9990  9990  9990  9990  9990  9990  9990  9990  
9990  9990  9990  9990  9990  9990  9990  9990  9990  9990  9990  9990  9990  9990  9990  9990  9990  9990  9990  9985  9956  9772  9559  9680  9982  9990  9990  9990  9990  9990  9990  9990  
9990  9990  9990  9990  9990  9990  9990  9990  9990  9990  9990  9990  9990  9990  9990  9964  9603  8598  7960  7281  6398  6048  6006  6006  6407  8243  9912  9990  9990  9990  9990  9990  
9990  9990  9990  9990  9990  9990  9990  9990  9990  9938  8903  8176  8250  8339  6661  5707  4517  4242  4170  4157  4097  4148  4118  4092  4410  5093  7708  9990  9990  9990  9990  9990  
9990  9990  9990  9990  9990  9990  9990  9972  8448  7992  7987  7919  5724  3884  3708  3828  3821  3890  3901  3983  3976  3989  3990  3992  3995  3988  4002  9575  9990  9990  9990  9990  
9990  9990  9990  9990  9990  9990  9978  6911  5811  4171  2611  777   1571  1577  1706  1530  1469  1172  747   314   191   43    57    387   1765  2013  2032  3386  8121  8136  8126  8092  
9990  9990  9990  9990  9990  9990  7198  4612  871   1     0     0     0     0     0     0     0     0     0     0     0     0     0     0     0     436   1953  2015  6497  7992  7992  7992  
9990  9990  9990  9990  9990  8253  4243  185   0     0     0     0     0     0     0     0     0     0     0     0     0     0     0     0     0     0     403   1998  4401  7657  7992  7992  
9990  9990  9990  9990  9949  5355  31    0     0     0     0     0     0     0     0     0     0     0     0     0     0     0     0     0     0     0     0     1731  2201  6588  7992  7992  
9990  9990  9990  9990  7398  148   0     0     0     0     0     0     0     0     0     0     0     0     0     0     0     0     0     0     0     0     0     262   1998  5004  7618  7992  
9990  9990  9990  9950  1562  0     0     0     0     0     0     0     0     0     0     0     0     0     0     0     0     0     0     0     0     0     0     0     1720  2355  6139  7958  
9990  9990  9990  8088  17    0     0     0     0     0     0     0     0     0     0     0     0     0     0     0     0     0     0     0     0     0     0     0     356   2001  5499  6877  
9990  9990  9966  1579  0     0     0     0     0     0     0     0     0     0     0     0     0     0     0     0     0     0     0     0     0     0     0     0     2     1662  3325  5995  
9990  9990  8015  85    0     0     0     0     0     0     0     0     0     0     0     0     0     0     0     0     0     0     0     0     0     0     0     0     0     245   2077  5653  
9990  9429  2182  0     0     0     0     0     0     0     0     0     0     0     0     0     0     0     0     0     0     0     0     0     0     0     0     0     0     0     1466  3429  
9840  4929  2123  28    0     0     0     0     0     0     0     0     0     0     0     0     0     0     0     0     0     0     0     0     0     0     0     0     0     0     297   2177  
7515  4940  3666  1285  0     0     0     0     0     0     0     0     0     0     0     0     0     0     0     0     0     0     0     0     0     0     0     0     0     0     1     3241  
6013  5982  4446  2192  3     0     0     0     0     0     0     0     0     0     0     0     0     0     0     0     0     0     0     0     0     0     0     0     0     0     344   3985  
5994  5994  5706  3830  589   0     0     0     0     0     0     0     0     0     0     0     0     0     0     0     0     0     0     0     0     0     0     0     0     0     2255  4937  
5994  5994  5993  4172  2769  19    0     0     0     0     0     0     0     0     0     0     0     0     0     0     0     0     0     0     0     0     0     0     0     103   4072  5987  
5994  5994  5994  5464  3992  1386  0     0     0     0     0     0     0     0     0     0     0     0     0     0     0     0     0     0     0     0     0     0     0     1407  5802  5994  
5994  5994  5994  5994  4061  3930  390   0     0     0     0     0     0     0     0     0     0     0     0     0     0     0     0     0     0     0     0     0     201   4416  5994  5994  
5994  5994  5994  5994  5631  3996  3888  241   0     0     0     0     0     0     0     0     0     0     0     0     0     0     0     0     0     0     0     0     1612  5947  5994  5994  
5994  5994  5994  5994  5994  5297  3996  3727  182   0     0     0     0     0     0     0     0     0     0     0     0     0     0     0     0     0     0     220   4114  5994  5994  5994  
5994  5994  5994  5994  5994  5994  5133  3996  3980  2152  236   0     0     0     0     0     0     0     0     0     0     0     0     0     0     0     0     2330  5946  5994  5994  5994  
7538  7286  7323  7238  7114  6897  6658  6230  4286  4048  3991  951   16    46    50    51    27    63    73    60    27    23    16    8     24    227   1771  4350  5994  5994  5994  5994  
7992  7992  7992  7992  7992  7992  7992  7992  7990  7410  6157  5994  5475  3111  2716  2750  2507  2272  2270  2026  2009  2000  2000  1999  2121  3366  3997  5647  6044  6015  6022  6026  
7992  7992  7992  7992  7992  7992  7992  7992  7992  7992  7991  7534  6034  5994  5994  5593  4879  4938  5036  5412  5634  5759  5886  5936  5965  5980  6042  7990  7992  7991  7991  7991  
7992  7992  7992  7992  7992  7992  7992  7992  7992  7992  7992  7992  7990  7790  6289  6000  5994  5994  5994  5994  5994  5994  5994  5994  5994  6006  7414  7992  7992  7992  7992  7992  
7992  7992  7992  7992  7992  7992  7992  7992  7992  7992  7992  7992  7992  7992  7992  7992  7920  7605  6596  6092  5995  5994  5994  5994  6344  7767  7992  7992  7992  7992  7992  7992  
7992  7992  7992  7992  7992  7992  7992  7992  7992  7992  7992  7992  7992  7992  7992  7992  7992  7992  7992  7990  7903  7767  7619  7792  7986  7992  7992  7992  7992  7992  7992  7992  
