9504  9464  9407  9408  9481  9499  9456  9451  9286  9266  9260  9819  9192  9183  9255  9152  
9503  9503  9645  9456  9500  9491  9400  9274  9261  9260  9260  9258  9257  9223  9052  9014  
9503  9503  9501  9503  9501  9444  9271  9492  9260  9260  9258  9247  9095  9015  9016  9017  
9495  9503  9761  9503  9428  9267  9260  9268  9259  9260  9249  9069  9016  9016  9016  9015  
9502  9503  9806  9452  9267  9260  9259  9258  9753  9256  9114  9017  9391  9014  9016  9017  
9504  9501  9462  9291  9259  9259  9260  9260  9009  9185  9015  8858  9142  9015  9015  9636  
9503  9839  9398  9260  9497  9259  9259  9261  9184  9015  9017  9015  9015  9016  9510  9847  
9503  9434  9862  9259  9259  9261  9257  9207  9016  9015  9022  9410  9016  9209  9016  9524  
9481  9291  8871  9260  9258  9258  9211  9022  9014  9016  9017  9016  9865  9016  9563  9016  
9372  9260  9259  9259  9258  9229  9022  9015  9015  9015  9015  9016  9016  9015  9015  9015  
9276  9260  9484  9257  9766  9024  9016  9015  9016  9400  9021  9015  9875  9016  9015  9015  
9259  9597  9260  9251  9066  9015  9024  9016  9016  9016  9016  9016  9014  9015  9015  9015  
9258  9260  9258  9158  9016  9015  9020  9015  9014  9016  9014  9015  9021  9014  9016  9018  
9258  9259  9230  9023  9016  9018  9015  9016  9015  9379  9438  9015  9015  9016  9014  9016  
9258  9248  9039  9015  9017  9015  9016  9016  9016  9015  9016  9789  9055  9324  9016  9017  
9254  9115  9016  9017  9267  9815  9015  9016  9605  9016  9015  9022  0     0     0     0     
0     0     0     0     0     0     0     0     0     0     0     0     0     0     0     0     
0     0     0     0     0     0     0     0     0     0     0     0     0     0     0     0     
0     0     0     0     0     0     0     0     0     0     0     0     0     0     0     0     
0     0     0     0     0     0     0     0     0     0     0     0     0     0     0     0     
0     0     0     0     0     0     0     0     0     0     0     0     0     0     0     0     
0     0     0     0     0     0     0     0     0     0     0     0     0     0     0     0     
0     0     0     0     0     0     0     0     0     0     0     0     0     0     0     0     
0     0     0     0     0     0     0     0     0     0     0     0     0     0     0     0     
0     0     0     0     0     0     0     0     0     0     0     0     0     0     0     0     
0     0     0     0     0     0     0     0     0     0     0     0     0     0     0     0     
0     0     0     0     0     0     0     0     0     0     0     0     0     0     0     0     
0     0     0     0     0     0     0     0     0     0     0     0     0     0     0     0     
0     0     0     0     0     0     0     0     0     0     0     0     0     0     0     0     
0     0     0     0     0     0     0     0     0     0     0     0     0     0     0     0     
0     0     0     0     0     0     0     0     0     0     0     0     0     0     0     0     
