7992  7992  7992  7992  7903  6010  5992  4674  4046  4079  4400  4275  4114  3943  3955  3930  3931  3938  3962  4006  4052  4047  4065  4226  4520  5763  5852  5656  5372  6426  6248  6036  
7962  7864  7589  7299  6228  5567  4405  1505  1225  1352  1236  982   912   944   1063  1432  1584  1788  1944  2003  2059  2025  2028  2028  2032  2012  3187  3996  4036  5982  5994  5994  
5994  5994  5994  5919  3998  3832  227   0     0     0     0     0     0     0     0     0     0     0     1     7     43    65    31    46    25    408   1994  3680  3996  5546  5994  5994  
5994  5994  5994  5032  3996  1498  0     0     0     0     0     0     0     0     0     0     0     0     0     0     0     0     0     0     0     0     302   2199  3996  4608  5994  5994  
5994  5994  5986  4078  3845  30    0     0     0     0     0     0     0     0     0     0     0     0     0     0     0     0     0     0     0     0     0     1255  3400  4057  5889  5994  
5994  5994  5767  3996  1970  0     0     0     0     0     0     0     0     0     0     0     0     0     0     0     0     0     0     0     0     0     0     23    2171  3996  5267  5994  
5994  5994  4868  3954  428   0     0     0     0     0     0     0     0     0     0     0     0     0     0     0     0     0     0     0     0     0     0     0     1417  3860  4327  5981  
5994  5985  4121  3066  10    0     0     0     0     0     0     0     0     0     0     0     0     0     0     0     0     0     0     0     0     0     0     0     89    2881  4014  5711  
5994  5582  3996  1970  0     0     0     0     0     0     0     0     0     0     0     0     0     0     0     0     0     0     0     0     0     0     0     0     2     1875  3954  4810  
5994  4954  3910  644   0     0     0     0     0     0     0     0     0     0     0     0     0     0     0     0     0     0     0     0     0     0     0     0     0     636   3308  4209  
5983  4157  3328  102   0     0     0     0     0     0     0     0     0     0     0     0     0     0     0     0     0     0     0     0     0     0     0     0     0     31    2246  3987  
5766  4015  2371  1     0     0     0     0     0     0     0     0     0     0     0     0     0     0     0     0     0     0     0     0     0     0     0     0     0     0     1225  3515  
6009  4359  1515  0     0     0     0     0     0     0     0     0     0     0     0     0     0     0     0     0     0     0     0     0     0     0     0     0     0     0     129   2293  
6555  5098  496   0     0     0     0     0     0     0     0     0     0     0     0     0     0     0     0     0     0     0     0     0     0     0     0     0     0     0     1     1623  
7623  5807  94    0     0     0     0     0     0     0     0     0     0     0     0     0     0     0     0     0     0     0     0     0     0     0     0     0     0     0     7     1704  
8511  5898  441   0     0     0     0     0     0     0     0     0     0     0     0     0     0     0     0     0     0     0     0     0     0     0     0     0     0     0     168   2702  
9786  6324  2396  0     0     0     0     0     0     0     0     0     0     0     0     0     0     0     0     0     0     0     0     0     0     0     0     0     0     1     981   4099  
9988  7796  3701  1     0     0     0     0     0     0     0     0     0     0     0     0     0     0     0     0     0     0     0     0     0     0     0     0     0     55    2512  5722  
9990  9350  4301  150   0     0     0     0     0     0     0     0     0     0     0     0     0     0     0     0     0     0     0     0     0     0     0     0     0     509   3628  7092  
9990  9986  6249  1199  0     0     0     0     0     0     0     0     0     0     0     0     0     0     0     0     0     0     0     0     0     0     0     0     3     2014  4525  7978  
9990  9990  8806  2986  0     0     0     0     0     0     0     0     0     0     0     0     0     0     0     0     0     0     0     0     0     0     0     0     134   3258  6274  7992  
9990  9990  9940  4191  43    0     0     0     0     0     0     0     0     0     0     0     0     0     0     0     0     0     0     0     0     0     0     1     1354  3989  7663  7992  
9990  9990  9990  6625  652   0     0     0     0     0     0     0     0     0     0     0     0     0     0     0     0     0     0     0     0     0     0     153   2655  4588  7983  7992  
9990  9990  9990  9627  2503  0     0     0     0     0     0     0     0     0     0     0     0     0     0     0     0     0     0     0     0     0     20    1687  3757  6585  7992  7992  
9990  9990  9990  9990  4801  112   0     1     17    12    9     2     0     0     0     0     0     0     1     4     7     19    31    19    13    8     1309  2464  3999  7793  7992  7992  
9990  9990  9990  9990  9072  2685  1947  2277  2788  3509  3747  3844  3416  3105  2978  2621  2454  2507  2704  2791  2824  3235  2971  3320  3743  3904  3935  5564  5549  8677  8209  8053  
9990  9990  9990  9990  9970  6794  3991  3996  3996  3996  3996  3996  3996  3996  3996  3996  3996  3996  3996  3996  3996  3996  3996  3996  3996  3997  5288  5994  8322  9990  9990  9984  
9990  9990  9990  9990  9990  9774  6419  4016  3998  3998  3998  3999  3998  3999  3998  3996  3999  4001  3998  4000  4000  3998  4011  4052  4206  5161  5994  6004  9894  9990  9990  9990  
9990  9990  9990  9990  9990  9990  9457  7561  5987  5926  5923  5898  5749  5835  5840  5953  5883  5906  5972  5931  5958  5975  5981  5988  5994  5994  5994  6784  9990  9990  9990  9990  
9990  9990  9990  9990  9990  9990  9990  9185  7991  6279  5994  5994  5994  5994  5994  5994  5994  5994  5994  5994  5994  5994  5994  5994  5994  5994  5997  9491  9990  9990  9990  9990  
9990  9990  9990  9990  9990  9990  9990  9990  9663  8157  7111  6044  5994  5994  5994  5994  5994  5994  5994  5994  5994  5994  5994  5994  5994  5994  6496  9987  9990  9990  9990  9990  
