9990  9990  9990  9990  9990  9980  7309  5996  5366  1643  29    0     0     0     0     0     0     0     0     0     0     0     0     0     0     0     0     308   3499  7105  7992  7992  
9990  9990  9990  9990  9990  9087  6003  5669  1603  29    0     0     0     0     0     0     0     0     0     0     0     0     0     0     0     0     0     16    2536  6083  7992  7992  
9990  9990  9990  9990  9955  6639  5990  3289  41    0     0     0     0     0     0     0     0     0     0     0     0     0     0     0     0     0     0     0     1255  4524  7952  7992  
9990  9990  9990  9990  9093  5997  4978  253   0     0     0     0     0     0     0     0     0     0     0     0     0     0     0     0     0     0     0     0     376   3661  7587  7992  
9990  9990  9990  9880  6375  5949  1374  0     0     0     0     0     0     0     0     0     0     0     0     0     0     0     0     0     0     0     0     0     21    2587  6033  7984  
9990  9990  9990  9209  6002  4701  8     0     0     0     0     0     0     0     0     0     0     0     0     0     0     0     0     0     0     0     0     0     0     1207  4646  7828  
9990  9990  9902  6708  5987  1381  0     0     0     0     0     0     0     0     0     0     0     0     0     0     0     0     0     0     0     0     0     0     0     450   3699  6853  
9990  9990  9110  6043  5201  60    0     0     0     0     0     0     0     0     0     0     0     0     0     0     0     0     0     0     0     0     0     0     0     16    2704  5511  
9990  9933  7113  5994  3165  1     0     0     0     0     0     0     0     0     0     0     0     0     0     0     0     0     0     0     0     0     0     0     0     0     1228  4063  
9988  9413  6233  5854  837   0     0     0     0     0     0     0     0     0     0     0     0     0     0     0     0     0     0     0     0     0     0     0     0     0     374   3193  
9853  7755  6001  4934  84    0     0     0     0     0     0     0     0     0     0     0     0     0     0     0     0     0     0     0     0     0     0     0     0     0     20    2050  
9209  7364  5980  3034  0     0     0     0     0     0     0     0     0     0     0     0     0     0     0     0     0     0     0     0     0     0     0     0     0     0     0     817   
8141  7879  5715  963   0     0     0     0     0     0     0     0     0     0     0     0     0     0     0     0     0     0     0     0     0     0     0     0     0     0     0     123   
7994  7943  5451  143   0     0     0     0     0     0     0     0     0     0     0     0     0     0     0     0     0     0     0     0     0     0     0     0     0     0     0     10    
7992  7482  4434  34    0     0     0     0     0     0     0     0     0     0     0     0     0     0     0     0     0     0     0     0     0     0     0     0     0     0     0     269   
7802  6433  2907  378   0     0     0     0     0     0     0     0     0     0     0     0     0     0     0     0     0     0     0     0     0     0     0     0     0     0     1     975   
7183  6051  4381  1479  0     0     0     0     0     0     0     0     0     0     0     0     0     0     0     0     0     0     0     0     0     0     0     0     0     0     61    2144  
6518  5994  5719  2075  25    0     0     0     0     0     0     0     0     0     0     0     0     0     0     0     0     0     0     0     0     0     0     0     0     0     489   3770  
6052  5994  5976  3246  524   0     0     0     0     0     0     0     0     0     0     0     0     0     0     0     0     0     0     0     0     0     0     0     0     0     1304  5507  
5994  5994  5994  5455  1523  0     0     0     0     0     0     0     0     0     0     0     0     0     0     0     0     0     0     0     0     0     0     0     0     24    2708  5973  
5994  5994  5994  5981  2714  96    0     0     0     0     0     0     0     0     0     0     0     0     0     0     0     0     0     0     0     0     0     0     0     343   4076  5994  
5994  5994  5994  5994  5085  882   0     0     0     0     0     0     0     0     0     0     0     0     0     0     0     0     0     0     0     0     0     0     0     1070  5655  5994  
5994  5994  5994  5994  5977  2149  11    0     0     0     0     0     0     0     0     0     0     0     0     0     0     0     0     0     0     0     0     0     16    2323  5955  5994  
5994  5994  5994  5994  5994  4728  372   0     0     0     0     0     0     0     0     0     0     0     0     0     0     0     0     0     0     0     0     0     163   4001  5994  5994  
5994  5994  5994  5994  5994  5959  2366  34    0     0     0     0     0     0     0     0     0     0     0     0     0     0     0     0     0     0     0     0     882   5168  5994  5994  
5994  5994  5994  5994  5994  5994  5526  928   0     0     0     0     0     0     0     0     0     0     0     0     0     0     0     0     0     0     0     27    2146  5905  5994  5994  
5994  5994  5994  5994  5994  5994  5994  4715  173   0     0     0     0     0     0     0     0     0     0     0     0     0     0     0     0     0     0     268   3375  5989  5994  5994  
5994  5994  5994  5994  5994  5994  5994  5991  3394  42    0     0     0     0     0     0     0     0     0     0     0     0     0     0     0     0     0     1078  4916  5994  5994  5994  
5994  5994  5994  5994  5994  5994  5994  5994  5951  3348  35    0     0     0     0     0     0     0     0     0     0     0     0     0     0     0     34    2290  5784  5994  5994  5994  
5994  5994  5994  5994  5994  5994  5994  5994  5994  5971  3257  0     0     0     0     0     0     0     0     0     0     0     0     0     0     0     384   3459  5991  5994  5994  5994  
5994  5994  5994  5994  5994  5994  5994  5994  5994  5994  5986  842   0     0     0     0     0     0     0     0     0     0     0     0     0     16    1461  4679  5994  5994  5994  5994  
